2
3
4
6
7
8
10
11
13
19
22
23
25
31
36
39
43
44
48
51
55
56
57
58
61
66
68
69
72
73
74
76
82
83
84
86
89
92
96
99
101
103
106
107
109
110
113
116
118
119
120
121
123
125
127
128
138
140
142
144
145
147
150
151
152
162
164
166
167
168
169
170
172
174
175
176
178
179
183
187
188
189
192
193
197
199
202
205
207
208
209
210
216
219
220
221
223
224
227
232
235
236
244
247
249
251
253
254
255
258
259
260
263
264
268
269
271
274
277
278
279
280
281
282
283
284
285
289
299
303
305
309
313
315
323
326
328
330
332
333
334
