2
3
4
6
7
8
10
11
13
19
22
23
25
31
36
39
43
44
48
51
55
56
57
58
60
61
66
68
69
72
73
74
76
77
78
82
83
84
86
89
92
93
95
96
99
101
103
106
107
109
110
113
116
118
119
120
121
123
125
127
128
138
140
142
144
145
147
150
151
152
160
161
162
164
166
167
168
169
170
172
174
175
176
178
179
183
187
188
189
192
193
197
199
201
202
203
204
205
207
208
209
210
216
219
220
221
223
224
227
232
235
236
243
244
246
247
249
251
253
254
255
258
259
260
263
264
268
269
271
273
274
277
278
279
280
281
282
283
284
285
289
299
303
305
306
309
313
315
316
319
323
326
328
329
330
331
332
333
334
340
342
343
351
353
363
367
392
394
398
400
408
413
418
422
424
425
431
433
434
437
443
444
448
449
450
454
465
469
480
482
488
490
492
495
518
519
525
534
538
539
544
548
558
561
565
572
574
579
587
589
592
593
600
621
632
634
650
657
658
659
665
666
673
678
681
684
688
691
700
702
714
718
769
774
782
784
785
791
792
796
797
809
813
817
823
824
835
839
844
847
853
855
857
864
869
872
876
879
886
887
890
896
897
900
907
911
912
923
925
926
931
934
936
937
947
948
952
956
961
964
965
970
972
989
991
992
995
998
999
1000
1008
1018
1019
1020
1027
1029
1033
1034
1035
1036
1039
1047
1049
1051
1054
1057
1058
1062
1074
1079
1080
1089
1090
1091
1097
1101
1114
1116
1117
1119
1133
1137
1138
1145
1146
1155
1156
1157
1161
1170
1177
1181
1186
1188
1190
1195
1198
1206
1212
1216
1221
1222
1230
1246
1247
1250
1255
1256
1266
1280
1282
1284
1290
1307
1308
1322
1323
1324
1326
1328
1330
1332
1340
1355
1365
1370
1371
1387
1392
1394
1395
1398
1404
1408
1415
1420
1427
1434
1444
1451
1457
1458
1461
1462
1464
1473
1485
1491
1492
1494
1499
1505
1512
1525
1526
1530
1532
1535
1538
1539
1540
1543
1545
1551
1554
1557
1564
1566
1581
1586
1588
1589
1595
1601
1616
1631
1636
1643
1645
1650
1653
1654
1658
1662
1664
1673
1686
1693
1695
1702
1703
1704
1705
1708
1712
1715
1719
1730
1736
1743
1744
1765
1767
1768
1771
1772
1775
1776
1778
1783
1792
1794
1795
1802
1814
1817
1822
1827
1830
1838
1839
1844
1846
1847
1848
1864
1868
1871
1874
1878
1886
1888
1891
1893
1895
1897
1898
1903
1904
1905
1906
1917
1927
1928
1932
1934
1940
1941
1949
1950
1952
1954
1962
1963
1965
1969
1973
1974
1982
1985
1987
1993
1996
1997
2000
2005
2008
2014
2021
2023
2024
2025
2028
2031
2033
2041
2043
2054
2058
2072
2073
2074
2097
2105
2117
2120
2121
2123
2125
2128
2130
2132
2133
2135
2137
2141
2154
2157
2180
2187
2192
2204
2217
2222
2225
2228
2234
2238
2242
2244
2249
2258
2264
2265
2269
2287
2292
2293
2302
2303
2313
2314
2316
2317
2318
2319
2321
2324
2325
2327
2330
2331
2334
2340
2341
2353
2360
2368
2375
2381
2387
2388
2389
2392
2393
2394
2404
2423
2424
2440
2445
2446
2450
2451
2453
2458
2469
2474
2479
2487
2489
2494
2497
2500
2502
2505
2515
2516
2522
2527
2532
2542
2543
2553
2559
2562
2566
2574
2575
2581
2592
2595
2602
2604
2605
2610
2613
2615
2616
2619
2626
2629
2637
2640
2641
2645
2650
2655
2657
2660
2665
2666
2668
2678
2680
2682
2685
2689
2699
2701
2705
2707
2708
2709
2723
2724
2730
2732
2737
2741
2744
2746
2751
2754
2758
2760
2761
2763
2765
2768
2773
2775
2781
2782
2783
2784
2786
2794
2795
2796
2799
2800
2802
2805
2806
2808
2809
2818
2819
2821
2822
2825
2832
2834
2837
2840
2844
2854
2855
2859
2860
2877
2884
2886
2887
2893
2894
2895
2896
2897
2916
2924
2926
2929
2932
2940
2957
2961
2964
2965
2966
2968
2971
2983
2989
2990
2991
2995
3008
3011
3012
3021
3029
3031
3036
3044
3047
3048
3057
3058
3068
3073
3074
3080
3095
3099
3107
3108
3127
3129
3140
3142
3153
3155
3156
3158
3160
3161
3162
3175
3176
3184
3185
3189
3195
3199
3200
3205
3221
3233
3245
3248
3252
3253
3254
3256
3258
3260
3262
3266
3274
3278
3282
3295
3296
3302
3303
3305
3307
3310
3315
3316
3317
3321
3323
3325
3326
3329
3330
3331
3333
3336
3339
3345
3356
3360
3363
3365
3366
3367
3369
3371
3373
3374
3380
3386
3398
3399
3406
3414
3415
3419
3423
3425
3431
3432
3433
3437
3441
3442
3447
3449
3457
3459
3460
3462
3466
3470
3471
3473
3475
3483
3484
3488
3489
3497
3498
3506
3519
3522
3523
3528
3529
3530
3537
3543
3544
3545
3546
3554
3561
3562
3568
3579
3584
3586
3595
3598
3607
3608
3609
3610
3617
3619
3621
3628
3629
3638
3646
3647
3650
3656
3659
3662
3668
3670
3676
3678
3679
3681
3682
3688
3695
3700
3703
3708
3718
3725
3726
3727
3729
3730
3731
3738
3739
3742
3748
3751
3754
3755
3756
3766
3768
3769
3775
3785
3792
3798
3800
3810
3812
3813
3817
3825
3827
3828
3831
3835
3840
3861
3870
3879
3891
3893
3894
3896
3911
3919
3927
3938
3940
3951
3952
3953
3954
3955
3961
3966
3971
3972
3973
3976
3983
3990
3992
3993
3994
3998
4003
4004
4016
4019
4020
4027
4029
4032
4035
4040
4041
4047
4057
4058
4063
4065
4069
4071
4072
4074
4076
4083
4086
4096
4098
4100
4101
4106
4107
4111
4113
4119
4123
4125
4127
4133
4134
4143
4145
4146
4149
4151
4157
4166
4167
4168
4173
4174
4180
4186
4191
4196
4206
4209
4212
4213
4220
4229
4237
4244
4245
4246
4251
4252
4255
4265
4266
4270
4271
4275
4276
4279
4282
4283
4286
4293
4296
4300
4303
4305
4306
4312
4317
4319
4322
4323
4327
4329
4330
4332
4333
4335
4344
4351
4354
4356
4361
4362
4367
4374
4389
4395
4397
4400
4404
4411
4415
4417
4422
4434
4437
4439
4447
4453
4456
4460
4469
4476
4481
4488
4492
4495
4505
